984
38
542
409
532
196
283
443
745
681
806
459
61
250
584
110
64
919
795
545
229
999
402
156
922
235
308
886
265
256
675
168
542
503
175
790
959
213
154
25
938
212
440
613
318
747
102
42
498
522
334
236
228
957
104
407
109
488
252
884
562
407
475
407
792
819
437
774
318
293
831
800
775
624
647
570
488
267
179
684
640
334
545
33
134
719
473
935
533
948
735
313
391
548
676
422
259
682
341
922
866
276
552
486
831
400
256
264
580
280
880
499
327
507
815
133
160
138
962
422
395
840
690
771
417
558
153
108
574
798
784
339
815
60
813
19
84
345
281
544
683
861
897
921
899
172
754
613
386
503
57
186
110
440
198
756
579
79
497
931
937
715
437
276
611
166
340
794
309
116
544
515
309
891
906
674
223
628
609
290
94
882
180
68
998
188
313
50
948
584
664
67
987
509
132
470
875
562
967
163
