664
137
228
333
935
454
114
22
232
467
571
447
667
650
333
353
885
949
870
800
39
859
525
297
975
677
436
60
647
51
215
409
549
371
775
106
149
932
927
972
652
976
394
480
578
989
338
57
950
205
113
704
271
218
783
10
488
320
100
588
48
338
782
817
602
398
68
847
342
893
339
446
491
411
181
760
769
488
807
308
603
280
116
98
960
680
854
997
563
988
637
977
647
223
423
396
165
469
679
148
845
828
498
335
945
185
498
990
110
700
286
685
527
715
752
746
211
218
317
288
984
496
441
653
296
813
139
679
393
157
773
406
561
952
956
167
176
554
959
951
578
98
754
798
717
264
367
139
25
280
646
98
460
260
918
580
67
218
933
327
365
596
16
959
34
350
831
482
875
563
521
467
61
724
555
421
699
963
534
123
649
218
720
799
195
977
277
721
48
639
49
696
792
947
563
828
367
304
988
925
832
570
559
850
667
278
510
635
452
838
924
393
357
789
102
517
171
997
955
91
795
27
314
229
884
452
655
171
225
414
42
747
271
500
559
273
853
393
649
337
607
446
976
461
11
67
836
715
557
409
904
407
716
58
558
428
716
901
475
301
293
893
114
509
906
326
887
163
240
597
335
887
861
588
234
623
55
841
403
786
680
17
605
675
177
871
850
827
274
371
934
956
610
813
411
947
319
449
397
426
685
847
720
398
290
243
835
664
474
73
636
981
195
998
463
182
902
88
567
869
277
520
937
908
828
877
644
801
524
51
218
558
578
524
754
185
430
876
460
284
591
642
419
7
284
856
82
28
999
26
273
692
657
78
690
68
595
388
236
367
300
344
575
606
518
451
638
7
317
795
473
346
140
447
547
268
196
478
793
778
462
825
630
973
261
777
402
754
369
664
463
879
109
470
828
234
789
350
206
346
206
11
198
537
990
44
637
839
205
670
496
887
59
215
73
672
953
295
91
717
459
340
59
821
255
336
631
648
290
836
776
207
571
827
142
1
171
876
78
64
636
564
196
230
777
441
546
945
103
372
21
153
941
951
902
467
243
501
706
115
221
93
19
117
549
81
359
603
704
467
764
653
444
403
786
532
422
820
90
628
905
357
309
53
635
253
845
437
132
538
168
163
760
158
95
205
196
357
693
882
